// Samaipata y alrededores
-63.915195,-18.210682,-63.833914,-18.150582

[[[-63.915195, -18.210682], [-63.915195, -18.150582], [-63.833914, -18.150582], [-63.833914, -18.210682], [-63.915195, -18.210682]]]



// Dpto. de Cochabamba
-66.994629,-18.703489,-64.248047,-15.739388

[[[-66.994629, -18.703489], [-66.994629, -15.739388], [-64.248047, -15.739388], [-64.248047, -18.703489], [-66.994629, -18.703489]]]


// Dpto. de Tarija, oeste

-65.072021,-22.083095,-64.135437,-21.145992

[[[-65.072021, -22.083095], [-65.072021, -21.145992], [-64.135437, -21.145992], [-64.135437, -22.083095], [-65.072021, -22.083095]]]

// Ref
[[[85.3, 28], [85.3, 28.5], [86, 28.5], [86, 28], [85.3, 28]]]
